0 0.284566 0.373457 0.106109 0.228395
0 0.501608 0.283951 0.083601 0.209877
0 0.580386 0.796296 0.106109 0.222222
0 0.512862 0.679012 0.086817 0.234568
0 0.937299 0.537037 0.099678 0.234568
0 0.893891 0.148148 0.096463 0.209877
0 0.758842 0.083333 0.090032 0.154321
0 0.660772 0.092593 0.080386 0.172840
0 0.260450 0.086420 0.090032 0.160494
0 0.048232 0.851852 0.083601 0.271605
0 0.118971 0.750000 0.090032 0.228395
0 0.646302 0.336420 0.096463 0.228395
0 0.067524 0.175926 0.083601 0.179012
0 0.382637 0.907407 0.102894 0.185185
