1 0.472414 0.793103 0.075862 0.183908
1 0.636207 0.735632 0.072414 0.172414
1 0.784483 0.893678 0.086207 0.166667
1 0.908621 0.724138 0.086207 0.183908
1 0.806897 0.574713 0.075862 0.160920
1 0.624138 0.577586 0.062069 0.143678
1 0.474138 0.568966 0.086207 0.160920
1 0.248276 0.577586 0.075862 0.166667
1 0.144828 0.551724 0.075862 0.137931
1 0.034483 0.471264 0.062069 0.126437
1 0.186207 0.347701 0.075862 0.120690
1 0.296552 0.390805 0.068966 0.126437
1 0.384483 0.419540 0.086207 0.149425
1 0.510345 0.456897 0.075862 0.143678
1 0.672414 0.431034 0.062069 0.137931
1 0.748276 0.333333 0.062069 0.137931
1 0.918966 0.206897 0.065517 0.126437
1 0.810345 0.255747 0.062069 0.109195
1 0.586207 0.318966 0.062069 0.097701
1 0.274138 0.206897 0.051724 0.103448
1 0.048276 0.304598 0.075862 0.137931
1 0.374138 0.209770 0.065517 0.120690
1 0.446552 0.252874 0.058621 0.126437
1 0.560345 0.117816 0.051724 0.120690
1 0.674138 0.080460 0.065517 0.091954
1 0.762069 0.195402 0.048276 0.103448
1 0.874138 0.367816 0.065517 0.149425
1 0.084483 0.798851 0.086207 0.160920
1 0.224138 0.830460 0.082759 0.166667
1 0.341379 0.750000 0.082759 0.178161
