1 0.083636 0.147541 0.138182 0.284153
1 0.250909 0.144809 0.138182 0.278689
1 0.418182 0.144809 0.152727 0.267760
1 0.583636 0.144809 0.149091 0.278689
1 0.752727 0.147541 0.138182 0.284153
1 0.923636 0.144809 0.145455 0.267760
1 0.081818 0.478142 0.134545 0.267760
1 0.245455 0.491803 0.134545 0.306011
1 0.414545 0.469945 0.138182 0.262295
1 0.585455 0.480874 0.138182 0.273224
1 0.756364 0.478142 0.152727 0.289617
1 0.920000 0.480874 0.130909 0.295082
1 0.080000 0.814208 0.145455 0.295082
1 0.252727 0.814208 0.141818 0.284153
1 0.418182 0.814208 0.160000 0.284153
1 0.585455 0.806011 0.130909 0.245902
1 0.749091 0.816940 0.138182 0.278689
1 0.921818 0.822404 0.141818 0.289617
