0 0.089789 0.545198 0.088028 0.163842
1 0.251761 0.680791 0.088028 0.129944
0 0.237676 0.816384 0.102113 0.175141
0 0.485915 0.649718 0.105634 0.180791
0 0.440141 0.915254 0.112676 0.169492
0 0.746479 0.740113 0.077465 0.169492
0 0.908451 0.853107 0.098592 0.203390
0 0.864437 0.542373 0.073944 0.169492
0 0.901408 0.457627 0.063380 0.135593
0 0.966549 0.341808 0.066901 0.152542
0 0.859155 0.211864 0.063380 0.152542
0 0.690141 0.477401 0.063380 0.118644
0 0.751761 0.367232 0.059859 0.124294
0 0.610915 0.248588 0.066901 0.146893
0 0.677817 0.257062 0.052817 0.118644
0 0.454225 0.508475 0.084507 0.124294
0 0.299296 0.463277 0.091549 0.124294
0 0.339789 0.384181 0.066901 0.112994
0 0.411972 0.401130 0.070423 0.135593
0 0.475352 0.268362 0.070423 0.096045
0 0.410211 0.197740 0.066901 0.112994
0 0.452465 0.084746 0.066901 0.101695
0 0.177817 0.257062 0.073944 0.118644
0 0.234155 0.242938 0.059859 0.112994
0 0.193662 0.070621 0.056338 0.096045
1 0.286972 0.169492 0.059859 0.112994
0 0.079225 0.138418 0.066901 0.118644
0 0.556338 0.135593 0.056338 0.124294
