0 0.222408 0.800595 0.130435 0.303571
0 0.120401 0.449405 0.100334 0.232143
0 0.469900 0.455357 0.103679 0.244048
0 0.710702 0.440476 0.083612 0.214286
0 0.794314 0.607143 0.123746 0.273810
0 0.951505 0.586310 0.096990 0.232143
0 0.906355 0.446429 0.080268 0.190476
0 0.948161 0.339286 0.076923 0.190476
0 0.193980 0.321429 0.073579 0.154762
0 0.352843 0.398810 0.083612 0.166667
0 0.806020 0.282738 0.046823 0.148810
1 0.834448 0.431548 0.070234 0.136905
1 0.586957 0.351190 0.083612 0.166667
1 0.392977 0.291667 0.056856 0.119048
0 0.329431 0.252976 0.050167 0.113095
1 0.719064 0.282738 0.066890 0.125000
