0 0.921429 0.555556 0.092857 0.200000
0 0.325000 0.463889 0.107143 0.183333
0 0.067857 0.422222 0.092857 0.177778
0 0.221429 0.425000 0.085714 0.161111
0 0.235714 0.261111 0.078571 0.144444
0 0.333929 0.202778 0.060714 0.127778
0 0.925000 0.238889 0.064286 0.155556
0 0.867857 0.386111 0.057143 0.116667
0 0.730357 0.327778 0.067857 0.155556
0 0.430357 0.366667 0.067857 0.122222
0 0.073214 0.200000 0.060714 0.100000
0 0.864286 0.263889 0.057143 0.105556
0 0.476786 0.213889 0.075000 0.105556
0 0.571429 0.230556 0.057143 0.105556
