0 0.046667 0.747024 0.046667 0.113095
0 0.125000 0.782738 0.063333 0.125000
0 0.186667 0.752976 0.046667 0.125000
0 0.383333 0.845238 0.053333 0.107143
0 0.590000 0.869048 0.046667 0.130952
0 0.656667 0.943452 0.053333 0.101190
0 0.918333 0.916667 0.056667 0.130952
0 0.908333 0.669643 0.056667 0.125000
0 0.068333 0.595238 0.050000 0.119048
0 0.228333 0.651786 0.050000 0.101190
0 0.385000 0.598214 0.050000 0.101190
0 0.471667 0.562500 0.050000 0.101190
0 0.616667 0.708333 0.053333 0.119048
0 0.546667 0.467262 0.053333 0.125000
0 0.366667 0.363095 0.046667 0.083333
0 0.053333 0.395833 0.046667 0.089286
0 0.733333 0.529762 0.040000 0.119048
0 0.890000 0.547619 0.060000 0.095238
0 0.833333 0.425595 0.046667 0.113095
0 0.198333 0.300595 0.043333 0.077381
0 0.406667 0.276786 0.046667 0.089286
0 0.535000 0.255952 0.043333 0.083333
0 0.441667 0.199405 0.043333 0.113095
0 0.765000 0.336310 0.050000 0.101190
0 0.675000 0.348214 0.050000 0.125000
0 0.941667 0.363095 0.036667 0.107143
0 0.453333 0.735119 0.060000 0.125000
1 0.278333 0.410714 0.050000 0.107143
0 0.220000 0.181548 0.046667 0.089286
0 0.151667 0.211310 0.043333 0.077381
