0 0.762542 0.607143 0.086957 0.226190
1 0.750836 0.208333 0.043478 0.130952
1 0.864548 0.196429 0.043478 0.119048
1 0.859532 0.351190 0.040134 0.119048
1 0.973244 0.205357 0.053512 0.101190
1 0.533445 0.327381 0.130435 0.285714
1 0.232441 0.169643 0.056856 0.136905
1 0.177258 0.172619 0.053512 0.142857
1 0.122074 0.172619 0.056856 0.142857
1 0.070234 0.166667 0.053512 0.130952
1 0.023411 0.163690 0.040134 0.125000
1 0.026756 0.303571 0.046823 0.119048
1 0.078595 0.309524 0.043478 0.107143
1 0.130435 0.309524 0.033445 0.107143
1 0.180602 0.309524 0.040134 0.119048
1 0.287625 0.315476 0.040134 0.130952
1 0.035117 0.440476 0.043478 0.130952
1 0.083612 0.437500 0.046823 0.125000
1 0.137124 0.443452 0.040134 0.125000
1 0.188963 0.443452 0.043478 0.113095
1 0.239130 0.443452 0.043478 0.113095
1 0.292642 0.449405 0.043478 0.113095
1 0.035117 0.574405 0.043478 0.113095
1 0.088629 0.568452 0.043478 0.125000
1 0.138796 0.574405 0.043478 0.113095
1 0.190635 0.574405 0.040134 0.101190
1 0.245819 0.574405 0.036789 0.113095
1 0.294314 0.577381 0.046823 0.107143
1 0.747492 0.351190 0.050167 0.130952
1 0.801003 0.345238 0.043478 0.130952
1 0.914716 0.345238 0.050167 0.142857
1 0.918060 0.199405 0.043478 0.125000
1 0.971572 0.345238 0.050167 0.154762
