1 0.203774 0.700000 0.098113 0.168421
1 0.173585 0.528947 0.075472 0.163158
1 0.364151 0.463158 0.071698 0.147368
1 0.496226 0.460526 0.079245 0.142105
1 0.467925 0.810526 0.075472 0.147368
1 0.788679 0.847368 0.083019 0.157895
1 0.056604 0.213158 0.060377 0.131579
1 0.173585 0.302632 0.075472 0.152632
1 0.684906 0.363158 0.071698 0.136842
1 0.918868 0.634211 0.101887 0.163158
1 0.716981 0.631579 0.067925 0.157895
1 0.777358 0.152632 0.052830 0.115789
1 0.437736 0.113158 0.067925 0.131579
1 0.288679 0.092105 0.064151 0.142105
