1 0.081818 0.415301 0.112727 0.174863
1 0.112727 0.218579 0.072727 0.163934
1 0.210909 0.144809 0.072727 0.136612
1 0.369091 0.153005 0.061818 0.142077
1 0.250909 0.360656 0.072727 0.142077
1 0.194545 0.497268 0.083636 0.174863
1 0.272727 0.781421 0.080000 0.163934
1 0.432727 0.715847 0.087273 0.163934
1 0.363636 0.483607 0.094545 0.213115
1 0.427273 0.316940 0.083636 0.142077
1 0.449091 0.196721 0.061818 0.109290
1 0.610909 0.174863 0.065455 0.142077
1 0.569091 0.319672 0.083636 0.180328
1 0.483636 0.478142 0.080000 0.147541
1 0.612727 0.743169 0.090909 0.174863
1 0.840000 0.595628 0.094545 0.185792
1 0.687273 0.467213 0.101818 0.191257
1 0.738182 0.311475 0.080000 0.163934
1 0.874545 0.377049 0.076364 0.174863
1 0.872727 0.237705 0.058182 0.114754
1 0.938182 0.319672 0.058182 0.169399
1 0.772727 0.204918 0.061818 0.114754
