1 0.112727 0.259563 0.065455 0.103825
1 0.187273 0.199454 0.054545 0.103825
1 0.258182 0.213115 0.058182 0.131148
1 0.332727 0.207650 0.054545 0.098361
1 0.387273 0.221311 0.040000 0.114754
1 0.429091 0.180328 0.050909 0.098361
1 0.487273 0.240437 0.050909 0.098361
1 0.545455 0.232240 0.050909 0.103825
1 0.601818 0.226776 0.054545 0.103825
1 0.661818 0.254098 0.043636 0.092896
1 0.721818 0.284153 0.061818 0.120219
1 0.767273 0.226776 0.043636 0.114754
1 0.825455 0.273224 0.065455 0.120219
1 0.898182 0.234973 0.058182 0.120219
