1 0.103679 0.213018 0.053512 0.165680
1 0.155518 0.281065 0.070234 0.171598
1 0.264214 0.177515 0.066890 0.165680
1 0.418060 0.653846 0.053512 0.183432
1 0.372910 0.183432 0.063545 0.142012
1 0.392977 0.056213 0.063545 0.100592
1 0.473244 0.204142 0.070234 0.159763
1 0.471572 0.644970 0.060201 0.153846
1 0.548495 0.603550 0.080268 0.153846
1 0.518395 0.130178 0.060201 0.153846
1 0.585284 0.150888 0.066890 0.159763
1 0.643813 0.076923 0.070234 0.142012
1 0.734114 0.112426 0.050167 0.153846
1 0.807692 0.112426 0.063545 0.177515
