1 0.199686 0.710692 0.084906 0.226415
1 0.328616 0.874214 0.091195 0.213836
1 0.371069 0.572327 0.069182 0.201258
1 0.474843 0.704403 0.081761 0.238994
1 0.630503 0.701258 0.072327 0.232704
1 0.748428 0.814465 0.088050 0.232704
1 0.852201 0.779874 0.081761 0.213836
1 0.891509 0.553459 0.084906 0.201258
1 0.726415 0.606918 0.069182 0.194969
1 0.839623 0.424528 0.056604 0.169811
1 0.646226 0.418239 0.066038 0.169811
1 0.564465 0.531447 0.078616 0.207547
1 0.457547 0.468553 0.072327 0.194969
1 0.500000 0.345912 0.056604 0.138365
1 0.591195 0.251572 0.050314 0.150943
1 0.715409 0.358491 0.053459 0.176101
1 0.772013 0.292453 0.053459 0.157233
1 0.850629 0.163522 0.066038 0.163522
1 0.762579 0.163522 0.047170 0.125786
1 0.658805 0.179245 0.066038 0.169811
1 0.599057 0.100629 0.053459 0.150943
1 0.518868 0.163522 0.069182 0.163522
1 0.446541 0.100629 0.062893 0.150943
1 0.372642 0.323899 0.066038 0.157233
1 0.380503 0.182390 0.056604 0.125786
1 0.290881 0.292453 0.053459 0.157233
1 0.276730 0.490566 0.062893 0.163522
1 0.133648 0.566038 0.078616 0.188679
1 0.179245 0.452830 0.062893 0.163522
1 0.116352 0.364780 0.056604 0.163522
1 0.212264 0.204403 0.053459 0.144654
1 0.157233 0.160377 0.062893 0.169811
1 0.308176 0.128931 0.062893 0.144654
1 0.257862 0.078616 0.056604 0.132075
