1 0.044928 0.626712 0.084058 0.226027
1 0.107246 0.527397 0.063768 0.191781
1 0.184058 0.582192 0.072464 0.232877
1 0.242029 0.482877 0.072464 0.212329
1 0.326087 0.575342 0.072464 0.232877
1 0.385507 0.476027 0.057971 0.184932
1 0.478261 0.534247 0.075362 0.232877
1 0.692754 0.513699 0.069565 0.219178
1 0.834783 0.619863 0.081159 0.253425
1 0.582609 0.452055 0.063768 0.205479
1 0.962319 0.626712 0.057971 0.253425
1 0.805797 0.349315 0.069565 0.178082
1 0.698551 0.308219 0.063768 0.164384
1 0.527536 0.363014 0.057971 0.150685
1 0.155072 0.342466 0.066667 0.178082
1 0.756522 0.496575 0.063768 0.212329
