1 0.080000 0.559524 0.093333 0.166667
1 0.213333 0.744048 0.113333 0.190476
1 0.098333 0.889881 0.096667 0.160714
1 0.235000 0.398810 0.103333 0.214286
1 0.408333 0.598214 0.110000 0.208333
1 0.351667 0.880952 0.090000 0.190476
1 0.146667 0.252976 0.073333 0.172619
1 0.393333 0.318452 0.073333 0.196429
1 0.298333 0.196429 0.076667 0.190476
1 0.033333 0.145833 0.060000 0.172619
1 0.503333 0.889881 0.093333 0.184524
1 0.531667 0.687500 0.076667 0.196429
1 0.426667 0.113095 0.060000 0.178571
1 0.541667 0.255952 0.076667 0.178571
1 0.550000 0.464286 0.093333 0.166667
1 0.615000 0.086310 0.090000 0.160714
1 0.663333 0.395833 0.080000 0.160714
1 0.700000 0.598214 0.086667 0.172619
1 0.693333 0.860119 0.100000 0.184524
1 0.751667 0.250000 0.070000 0.190476
1 0.875000 0.110119 0.083333 0.184524
1 0.808333 0.407738 0.083333 0.160714
1 0.833333 0.583333 0.073333 0.178571
1 0.826667 0.857143 0.106667 0.178571
1 0.926667 0.339286 0.080000 0.178571
1 0.928333 0.577381 0.076667 0.202381
1 0.965000 0.898810 0.070000 0.166667
