1 0.248188 0.870879 0.119565 0.258242
1 0.498188 0.826923 0.119565 0.247253
1 0.884058 0.843407 0.137681 0.236264
1 0.675725 0.711538 0.105072 0.247253
1 0.786232 0.601648 0.086957 0.214286
1 0.375000 0.489011 0.112319 0.208791
1 0.148551 0.579670 0.123188 0.192308
1 0.030797 0.335165 0.054348 0.197802
1 0.155797 0.258242 0.079710 0.153846
1 0.269928 0.269231 0.097826 0.197802
1 0.581522 0.480769 0.105072 0.225275
1 0.489130 0.335165 0.086957 0.230769
1 0.376812 0.120879 0.086957 0.164835
1 0.722826 0.351648 0.090580 0.197802
1 0.835145 0.266484 0.090580 0.192308
1 0.730072 0.087912 0.090580 0.142857
1 0.661232 0.222527 0.083333 0.170330
1 0.503623 0.164835 0.094203 0.164835
1 0.556159 0.063187 0.090580 0.115385
1 0.110507 0.090659 0.083333 0.137363
1 0.269928 0.043956 0.083333 0.076923
