1 0.091379 0.721264 0.093103 0.155172
1 0.315517 0.626437 0.100000 0.183908
1 0.501724 0.612069 0.079310 0.166667
1 0.724138 0.672414 0.096552 0.195402
1 0.925862 0.566092 0.079310 0.166667
1 0.784483 0.477011 0.072414 0.149425
1 0.874138 0.364943 0.079310 0.155172
1 0.805172 0.307471 0.072414 0.132184
1 0.867241 0.227011 0.065517 0.132184
1 0.886207 0.071839 0.048276 0.109195
1 0.805172 0.123563 0.051724 0.120690
1 0.710345 0.135057 0.055172 0.132184
1 0.646552 0.405172 0.065517 0.143678
1 0.632759 0.071839 0.051724 0.097701
1 0.608621 0.247126 0.058621 0.114943
1 0.524138 0.281609 0.062069 0.137931
1 0.412069 0.451149 0.072414 0.109195
1 0.070690 0.485632 0.079310 0.143678
1 0.177586 0.517241 0.086207 0.172414
1 0.282759 0.367816 0.075862 0.137931
1 0.387931 0.247126 0.058621 0.114943
1 0.424138 0.160920 0.062069 0.126437
1 0.453448 0.045977 0.044828 0.080460
1 0.312069 0.149425 0.058621 0.114943
1 0.243103 0.227011 0.072414 0.109195
1 0.156897 0.247126 0.058621 0.114943
1 0.125862 0.336207 0.065517 0.120690
1 0.127586 0.109195 0.075862 0.103448
