1 0.033871 0.082822 0.061290 0.153374
1 0.138710 0.079755 0.070968 0.147239
1 0.245161 0.073620 0.070968 0.134969
1 0.351613 0.073620 0.077419 0.134969
1 0.453226 0.088957 0.080645 0.165644
1 0.562903 0.061350 0.074194 0.110429
1 0.658065 0.058282 0.064516 0.104294
1 0.770968 0.082822 0.090323 0.153374
1 0.874194 0.073620 0.077419 0.134969
1 0.962903 0.073620 0.067742 0.134969
1 0.043548 0.328221 0.080645 0.202454
1 0.138710 0.328221 0.083871 0.190184
1 0.245161 0.340491 0.096774 0.239264
1 0.348387 0.319018 0.083871 0.184049
1 0.456452 0.315951 0.074194 0.190184
1 0.556452 0.334356 0.080645 0.202454
1 0.659677 0.334356 0.080645 0.202454
1 0.769355 0.315951 0.080645 0.177914
1 0.870968 0.334356 0.090323 0.226994
1 0.961290 0.343558 0.064516 0.245399
1 0.041935 0.610429 0.077419 0.202454
1 0.138710 0.619632 0.077419 0.196319
1 0.240323 0.625767 0.087097 0.245399
1 0.348387 0.625767 0.083871 0.233129
1 0.450000 0.634969 0.093548 0.251534
1 0.558065 0.638037 0.077419 0.233129
1 0.659677 0.607362 0.061290 0.184049
1 0.769355 0.622699 0.119355 0.214724
1 0.877419 0.613497 0.083871 0.220859
1 0.962903 0.610429 0.061290 0.202454
1 0.043548 0.883436 0.080645 0.184049
1 0.133871 0.895706 0.087097 0.196319
1 0.238710 0.883436 0.083871 0.184049
1 0.348387 0.889571 0.096774 0.184049
1 0.453226 0.883436 0.087097 0.196319
1 0.554839 0.883436 0.070968 0.171779
