1 0.119691 0.525773 0.115830 0.185567
1 0.318533 0.853093 0.111969 0.170103
1 0.469112 0.608247 0.104247 0.175258
1 0.341699 0.386598 0.081081 0.134021
1 0.540541 0.435567 0.092664 0.149485
1 0.710425 0.448454 0.100386 0.175258
1 0.723938 0.675258 0.096525 0.185567
1 0.930502 0.309278 0.092664 0.154639
1 0.177606 0.301546 0.092664 0.139175
1 0.459459 0.257732 0.077220 0.154639
1 0.685328 0.090206 0.081081 0.159794
1 0.864865 0.095361 0.092664 0.159794
1 0.071429 0.136598 0.088803 0.180412
1 0.349421 0.082474 0.096525 0.144330
1 0.550193 0.046392 0.081081 0.082474
1 0.971042 0.824742 0.057915 0.175258
1 0.621622 0.917526 0.092664 0.154639
